[gd_scene load_steps=18 format=3 uid="uid://b7ux27dhotax1"]

[ext_resource type="PackedScene" uid="uid://c1iiqbojpqthu" path="res://addons/kaykit_character_pack_adventures/Characters/gltf/Knight.glb" id="1_ofjq2"]
[ext_resource type="Script" path="res://scripts/player.gd" id="2_ktk1g"]
[ext_resource type="Script" path="res://scripts/player_controller.gd" id="3_6d1as"]
[ext_resource type="Script" path="res://scripts/state_manager.gd" id="4_k0xu7"]

[sub_resource type="Resource" id="Resource_wwis8"]
script = ExtResource("3_6d1as")
speed = 10.0
yaw_rot_speed = 5.0
pitch_rot_speed = 2.0

[sub_resource type="Resource" id="Resource_mcj7v"]
script = ExtResource("4_k0xu7")

[sub_resource type="CapsuleShape3D" id="CapsuleShape3D_fhf5m"]

[sub_resource type="GDScript" id="GDScript_sxdir"]
resource_name = "gyro"
script/source = "extends Node3D

class_name Gyro

@onready var player: CharacterBody3D = $\"..\"

# Called every frame. 'delta' is the elapsed time since the previous frame.
func _process(delta: float) -> void: 
	self.position = player.position
"

[sub_resource type="AnimationNodeAnimation" id="AnimationNodeAnimation_i6uxf"]
animation = &"Idle"

[sub_resource type="AnimationNodeAnimation" id="AnimationNodeAnimation_3lq3w"]
animation = &"Walking_A"

[sub_resource type="AnimationNodeStateMachineTransition" id="AnimationNodeStateMachineTransition_hc8t7"]
advance_mode = 2
advance_expression = "velocity.is_zero_approx()"

[sub_resource type="AnimationNodeStateMachineTransition" id="AnimationNodeStateMachineTransition_wpkir"]
switch_mode = 2
advance_mode = 2

[sub_resource type="AnimationNodeStateMachineTransition" id="AnimationNodeStateMachineTransition_xx220"]
advance_mode = 2
advance_expression = "!velocity.is_zero_approx()"

[sub_resource type="AnimationNodeStateMachineTransition" id="AnimationNodeStateMachineTransition_i3o28"]
advance_mode = 2
advance_expression = "!velocity.is_zero_approx()"

[sub_resource type="AnimationNodeStateMachineTransition" id="AnimationNodeStateMachineTransition_p6e2g"]
advance_mode = 2
advance_expression = "velocity.is_zero_approx()"

[sub_resource type="AnimationNodeStateMachine" id="AnimationNodeStateMachine_tkc3k"]
states/Idle/node = SubResource("AnimationNodeAnimation_i6uxf")
states/Idle/position = Vector2(509, 100)
states/Walking_A/node = SubResource("AnimationNodeAnimation_3lq3w")
states/Walking_A/position = Vector2(509, 212)
transitions = ["Start", "Idle", SubResource("AnimationNodeStateMachineTransition_hc8t7"), "Idle", "End", SubResource("AnimationNodeStateMachineTransition_wpkir"), "Start", "Walking_A", SubResource("AnimationNodeStateMachineTransition_xx220"), "Idle", "Walking_A", SubResource("AnimationNodeStateMachineTransition_i3o28"), "Walking_A", "Idle", SubResource("AnimationNodeStateMachineTransition_p6e2g")]

[sub_resource type="AnimationNodeBlendTree" id="AnimationNodeBlendTree_qdiro"]
graph_offset = Vector2(-236, -39)
nodes/StateMachine/node = SubResource("AnimationNodeStateMachine_tkc3k")
nodes/StateMachine/position = Vector2(-20, 140)
node_connections = [&"output", 0, &"StateMachine"]

[node name="Player" instance=ExtResource("1_ofjq2")]
script = ExtResource("2_ktk1g")
controller = SubResource("Resource_wwis8")
state_manager = SubResource("Resource_mcj7v")

[node name="CollisionShape3D" type="CollisionShape3D" parent="." index="0"]
transform = Transform3D(1.355, 0, 0, 0, 1.355, 0, 0, 0, 1.355, 0, 0.338783, 0.0841299)
shape = SubResource("CapsuleShape3D_fhf5m")

[node name="Gyro" type="Node3D" parent="." index="1"]
top_level = true
script = SubResource("GDScript_sxdir")

[node name="SpringArm3D" type="SpringArm3D" parent="Gyro" index="0"]
transform = Transform3D(1, 0, 0, 0, 0.94472, 0.327878, 0, -0.327878, 0.94472, 0, 0, 0)
spring_length = 6.0

[node name="Camera3D" type="Camera3D" parent="Gyro/SpringArm3D" index="0"]

[node name="Rig" parent="." index="2"]
transform = Transform3D(-1, 0, -8.74228e-08, 0, 1, 0, 8.74228e-08, 0, -1, 0, -1, 0)

[node name="Skeleton3D" parent="Rig" index="0"]
bones/1/position = Vector3(0, 0.391203, 0)
bones/1/rotation = Quaternion(-1.11123e-10, 0.0431578, 2.57241e-09, 0.999068)
bones/4/rotation = Quaternion(-0.559629, -0.0606523, -0.643556, 0.518625)
bones/4/scale = Vector3(0.999999, 0.999999, 1)
bones/5/rotation = Quaternion(2.02758e-08, -4.26742e-08, -0.495794, 0.86844)
bones/6/rotation = Quaternion(-9.73784e-11, -2.98437e-10, 0.0266581, 0.999645)
bones/6/scale = Vector3(1, 1, 1)
bones/7/rotation = Quaternion(-0.321158, -0.326103, 0.1462, 0.877006)
bones/8/rotation = Quaternion(6.84828e-05, 6.84845e-05, -0.706856, 0.707358)
bones/8/scale = Vector3(1, 1, 1)
bones/14/rotation = Quaternion(-0.617966, 0.0805291, 0.617677, 0.479696)
bones/14/scale = Vector3(0.999999, 0.999999, 1)
bones/15/rotation = Quaternion(2.97082e-08, 4.75006e-08, 0.518966, 0.854795)
bones/16/rotation = Quaternion(-9.73784e-11, 2.98437e-10, -0.0266581, 0.999645)
bones/16/scale = Vector3(1, 1, 1)
bones/17/rotation = Quaternion(-0.319392, 0.301128, -0.227712, 0.869171)
bones/18/rotation = Quaternion(0.00019234, 0.000226546, 0.706907, 0.707306)
bones/18/scale = Vector3(1, 1, 1)
bones/19/rotation = Quaternion(1.32707e-07, 1, -1.03316e-07, -2.27651e-09)
bones/20/rotation = Quaternion(1.40073e-07, 1, -1.03316e-07, -9.11951e-09)
bones/21/rotation = Quaternion(-5.80608e-11, -0.0313417, -1.88012e-09, 0.999509)
bones/23/rotation = Quaternion(4.44848e-36, -7.10543e-15, -6.26068e-22, 1)
bones/24/rotation = Quaternion(0.993652, 0.0836082, 0.0737918, 0.0148621)
bones/24/scale = Vector3(1, 1, 1)
bones/25/rotation = Quaternion(0.205838, 6.42253e-08, -1.35184e-07, 0.978586)
bones/26/rotation = Quaternion(-0.522886, -0.2092, 0.0451991, 0.825096)
bones/27/scale = Vector3(1, 1, 1)
bones/28/rotation = Quaternion(0.997145, -0.0296103, 0.031455, 0.0619328)
bones/28/scale = Vector3(1, 1, 1)
bones/29/rotation = Quaternion(0.281424, -6.37938e-08, 1.95805e-07, 0.959584)
bones/30/rotation = Quaternion(-0.562981, 0.114466, -0.00924177, 0.818453)
bones/31/rotation = Quaternion(3.04791e-08, 0.920355, -0.391084, -6.94849e-08)
bones/31/scale = Vector3(1, 1, 1)
bones/32/rotation = Quaternion(0.707107, -2.29302e-07, -4.60552e-08, 0.707107)
bones/33/position = Vector3(0.202182, 0.0259903, 0.205181)
bones/33/rotation = Quaternion(-0.707107, -7.05285e-08, -7.05285e-08, 0.707107)
bones/34/rotation = Quaternion(9.65792e-09, 1.77955e-09, 0.985719, -0.168398)
bones/35/rotation = Quaternion(-1.04035e-07, 0.391084, 0.920355, -2.9526e-08)
bones/35/scale = Vector3(1, 1, 1)
bones/36/scale = Vector3(1, 1, 1)
bones/37/rotation = Quaternion(1, -3.10863e-15, 1.94707e-07, -6.91739e-22)
bones/39/rotation = Quaternion(0.707107, -3.82385e-08, 1.45009e-07, 0.707107)
bones/40/rotation = Quaternion(-0.707107, -7.05285e-08, -7.05285e-08, 0.707107)
bones/41/rotation = Quaternion(-5.83589e-09, 6.43837e-10, 0.994809, 0.101756)
bones/42/rotation = Quaternion(-1.04035e-07, 0.391084, 0.920355, -2.95261e-08)
bones/42/scale = Vector3(1, 1, 1)
bones/43/rotation = Quaternion(-0.391084, -6.885e-08, -6.56288e-08, 0.920355)
bones/43/scale = Vector3(1, 1, 1)
bones/47/position = Vector3(0.520841, 0.787609, -0.0576373)
bones/47/rotation = Quaternion(0.794627, -1.11759e-07, 0.607098, -5.96046e-08)
bones/49/position = Vector3(-0.510844, 0.787609, 0.0597369)
bones/49/rotation = Quaternion(-0.758253, -1.52737e-07, 0.651961, -1.11759e-08)

[node name="1H_Sword_Offhand" parent="Rig/Skeleton3D" index="0"]
transform = Transform3D(5.75542e-05, 0.263576, 0.964638, 0.999999, -0.00099757, 0.000213934, 0.00101903, 0.964638, -0.263575, 0.512284, 0.636327, -0.00209938)
visible = false

[node name="Badge_Shield" parent="Rig/Skeleton3D" index="1"]
transform = Transform3D(5.75785e-05, 0.263575, 0.964638, 0.999999, -0.0010001, 0.000214601, 0.00102165, 0.964638, -0.263575, 0.662657, 0.63636, -0.0431869)

[node name="Rectangle_Shield" parent="Rig/Skeleton3D" index="2"]
transform = Transform3D(5.75785e-05, 0.263575, 0.964638, 0.999999, -0.0010001, 0.000214601, 0.00102165, 0.964638, -0.263575, 0.662657, 0.63636, -0.0431869)
visible = false

[node name="Round_Shield" parent="Rig/Skeleton3D" index="3"]
transform = Transform3D(5.75785e-05, 0.263575, 0.964638, 0.999999, -0.0010001, 0.000214601, 0.00102165, 0.964638, -0.263575, 0.662657, 0.63636, -0.0431869)

[node name="Spike_Shield" parent="Rig/Skeleton3D" index="4"]
transform = Transform3D(5.75785e-05, 0.263575, 0.964638, 0.999999, -0.0010001, 0.000214601, 0.00102165, 0.964638, -0.263575, 0.662657, 0.63636, -0.0431869)
visible = false

[node name="1H_Sword" parent="Rig/Skeleton3D" index="5"]
transform = Transform3D(-6.2897e-05, -0.150651, 0.988587, 0.999999, -0.000716239, -4.65001e-05, 0.00071567, 0.988586, 0.15065, -0.496106, 0.64064, 0.139527)

[node name="2H_Sword" parent="Rig/Skeleton3D" index="6"]
transform = Transform3D(-6.29128e-05, -0.150651, 0.988587, 0.999999, -0.000716254, -4.64864e-05, 0.000715683, 0.988586, 0.15065, -0.496106, 0.64064, 0.139527)
visible = false

[node name="Knight_Helmet" parent="Rig/Skeleton3D" index="7"]
transform = Transform3D(0.99972, -1.40145e-09, 0.0236468, 1.39343e-09, 1, 3.55687e-10, -0.0236468, -3.22638e-10, 0.99972, 4.69869e-07, 1.20143, -1.19779e-07)

[node name="Knight_Cape" parent="Rig/Skeleton3D" index="8"]
transform = Transform3D(0.996275, -5.14962e-09, 0.0862354, 5.13044e-09, 1, 4.44078e-10, -0.0862354, 1.47756e-15, 0.996275, -1.63023e-08, 1.20143, -1.40136e-07)

[node name="AnimationTree" type="AnimationTree" parent="." index="4"]
tree_root = SubResource("AnimationNodeBlendTree_qdiro")
advance_expression_base_node = NodePath("..")
anim_player = NodePath("../AnimationPlayer")
